<g id="etiket-logo-group" transform="translate(15, 104) scale(0.009135)">
  <defs>
    <style type="text/css">
      <![CDATA[

    .logo-fil0 {fill:#0B5E35;fill-rule:nonzero}
    .logo-fil1 {fill:#EDEFED;fill-rule:nonzero;fill-opacity:0.011765}
    .logo-fil6 {fill:#EDEFED;fill-rule:nonzero;fill-opacity:0.015686}
    .logo-fil7 {fill:#EDEFED;fill-rule:nonzero;fill-opacity:0.019608}
    .logo-fil9 {fill:#EDEFED;fill-rule:nonzero;fill-opacity:0.023529}
    .logo-fil2 {fill:#EDEFED;fill-rule:nonzero;fill-opacity:0.027451}
    .logo-fil3 {fill:#EDEFED;fill-rule:nonzero;fill-opacity:0.035294}
    .logo-fil4 {fill:#EDEFED;fill-rule:nonzero;fill-opacity:0.043137}
    .logo-fil5 {fill:#EDEFED;fill-rule:nonzero;fill-opacity:0.047059}
    .logo-fil8 {fill:#EDEFED;fill-rule:nonzero;fill-opacity:0.050980}
    .logo-fil10 {fill:#EDEFED;fill-rule:nonzero;fill-opacity:0.211765}
    .logo-fil11 {fill:#0B5E35;fill-rule:nonzero;fill-opacity:0.607843}
    .logo-fil12 {fill:#0B5E35;fill-rule:nonzero;fill-opacity:0.752941}
         ]]>
    </style>
  </defs>

  <metadata id="CorelCorpID_0Corel-Layer"/>
  <g id="_2000174427744">
   <path class="logo-fil0" d="M4214.87 3189.52c9.98,0.9 9.34,1.15 17.49,7.14 4.45,58.51 0.79,150.92 0.74,212.99l-0.05 433.48 -0.25 1627.77c-89.38,4.35 -213.1,1.33 -305.24,0.94l-539.1 -2.27 -1392.92 2.17c-17.93,-0.2 -19.91,2.81 -32.21,-5.38 2.67,-27.52 232.71,-243.39 271.2,-282.67 402.38,-411.97 808.03,-820.72 1216.88,-1226.23l576.79 -581.08c61.22,-60.83 124.26,-128.59 186.66,-186.86zm-1270.04 1855.23c282.42,-0.54 567.41,-2.47 849.58,0.7 -1.43,-260.43 -6.12,-520.84 -1.09,-781.2 0.44,-22.88 1.78,-49.16 -1.93,-71.5l-5.39 -5.19c-18.57,13.85 -147.04,147.85 -172.33,173.29l-473.38 478.57c-21.5,21.3 -197.49,191.21 -202.13,201l6.67 4.35zm1239.46 -406.88c4.25,-16.7 5.58,-11.99 0.94,-26.2 -26.23,-14.83 -98.03,-6.15 -132.96,-6.24 -5.53,17.17 -6.03,10.6 -0.99,26.35 26.53,14.75 98.87,6.81 133.01,6.09zm-37.11 438.7c17.69,0.74 27.28,3.11 42,-6.22l2.18 -8.3c-20.95,-26.09 -64.33,-23.32 -94.17,-20.56 -18.23,3.02 -30.14,2.72 -43.28,15.07l1.53 8.1c33.4,15.51 55.09,12.5 91.75,11.91zm-1177.6 347.64l-1.14 -5.98c-7.7,-42.25 4.05,-82.12 -10.27,-112.95 -10.43,-7.31 -16.9,-5.93 -29.7,-5.98 -0.1,33.01 -7.66,103.36 10.28,123.23 14.23,2.76 16.16,2.57 30.83,1.68zm907.68 1.73c0.25,-28.66 6.42,-99.16 -6.72,-119.91 -3.31,-5.24 -19.96,-5.38 -28.31,-6.47 -0.3,35.52 -9.29,102.77 9.09,124.81l25.94 1.58zm-1357.2 1.19c-0.25,-40.56 2.77,-80.29 -8.15,-118.73 -12.01,-10.77 -9.34,-7.36 -28.71,-9.83 0.99,33.3 -7.21,103.71 7.76,124.95 13.54,2.92 15.37,3.31 29.1,3.61zm1662.1 -1668.57l-2.57 -15.66c-23.27,-16.63 -108.55,-9.62 -140.03,-6.97 6.67,12.76 8.79,23.12 23.12,27.58 29.35,9.11 91.55,4.73 119.47,-4.96zm-34.88 438.86c21.69,-1.16 19.22,2.17 35.08,-7.99l-1.33 -8.32c-27.92,-20.12 -44.32,-18.9 -78.46,-19.09 -20.4,3.11 -29.94,2.69 -46.39,15.05l0.99 8.5c34.09,18.13 50.99,13.57 90.12,11.84zm-605.4 1230.16c-0.74,-27.03 1.97,-60.53 -8.65,-83.26 -13.64,-7.46 -10.92,-4.94 -28.81,-4.64 -3.75,27.18 -11.76,55.93 -0.49,79.15 16.26,10.72 17,7.56 37.95,8.75zm-261.37 -93.63c-2.18,28.8 -8.1,61.71 3.21,87.45 11.32,5.98 11.51,6.03 24.01,8.99 7.81,-25.59 8.89,-57.41 -1.29,-82.66 -10.03,-10.08 -12.6,-9.98 -25.94,-13.78zm908.87 -1244.98c-1.53,-9.65 -0.74,-18.86 -6.92,-23.21 -17.24,-12.23 -66.75,-6.13 -87.16,-3.9 20.21,43.56 49.56,30.92 94.07,27.1zm-1482.94 1249.08c-2.32,23.17 -8.35,57.86 0.25,78.16 12.5,12.9 10.67,8.84 33.2,12.25 -2.72,-35.43 4.64,-68.43 -16.26,-86.86l-17.19 -3.55zm1401.07 -949.29c-3.46,18.2 -5.09,12.07 3.31,25 21,9.25 49.75,5.98 73.52,4.82 6.67,-14.39 6.87,-9.74 5.53,-23.81 -17.39,-13.29 -59.29,-7.28 -82.36,-6.01zm-1247.07 1035.85c-3.46,-25.4 -4.5,-55.88 -15.02,-77.42 -11.91,-7.02 -13.19,-6.18 -26.68,-7.51 -0.3,25.3 -5.38,60.72 4.99,79.55 13.34,8.6 19.76,6.33 36.71,5.39zm1318.71 -1116.37c8.1,-15.36 7.07,-7.64 4.69,-23.69 -19.37,-13.61 -53.02,-9.47 -77.28,-8.49 -11.46,11.7 -8.65,5.17 -12,18.76 13.19,13.84 24.4,12.87 44.96,13.26 13.19,0.19 26.38,0.24 39.63,0.16zm-1779.64 1122.25c-0.25,-26.68 2.62,-60.52 -8.65,-83.35 -8.55,-5.53 -9.04,-6.47 -18.68,-9.24 -1.63,26.68 -6.86,59.74 2.92,83.55 9.93,6.92 12.65,6.52 24.41,9.04zm104.74 -182.12c12.9,-35.43 11.76,-65.76 -27.67,-76.98 3.41,22.38 10.92,63.44 27.67,76.98zm655.95 89.97c-1.13,27.42 -6.72,57.31 3.61,79.94 15.71,10.08 13.54,6.87 34.83,8.35 0.25,-43.38 10.67,-78.26 -38.44,-88.29zm945.63 -188.7l-5.09 13.69c15.12,28.11 61.62,20.65 89.78,18.38l1.48 -21.54c-20.51,-20.26 -57.86,-12.26 -86.17,-10.53zm3.71 -217.93c-13.74,10.41 -9.74,4.14 -15.76,17.58 13.89,22.53 61.96,17.99 87.2,17.59 5.68,-3.9 8.3,-4.84 12.6,-9.98 -5.59,-27.9 -59.44,-24.15 -84.04,-25.19zm2.92 -215.87c-14.33,8.51 -12.5,4.65 -19.17,17.38 15.32,19.76 65.71,14.97 91.36,15.61 9.63,-14.26 8.69,-8.58 8.25,-23.64 -16.75,-15.23 -57.61,-10.37 -80.44,-9.35zm-13.54 -767.35c0.69,23.9 -3.26,18.6 9.59,31.52 22.13,7.75 53.02,3.26 77.42,1.59l1.83 -22.63c-18.13,-20.44 -61.66,-12 -88.84,-10.48zm-2.57 875.22c0.2,23.84 -3.66,19.27 8.75,31.86 21.84,8.47 60.28,4.02 84.24,0.86 -1.93,-21.75 1.83,-15.38 -11.32,-28.39 -23.57,-9.33 -54.45,-4.38 -81.67,-4.33z"/>
   <path class="logo-fil1" d="M4052.27 4605.43c34.93,0.08 106.72,-8.6 132.96,6.24 4.64,14.21 3.31,9.5 -0.94,26.2 -34.14,0.73 -106.48,8.66 -133.01,-6.09 -5.04,-15.75 -4.54,-9.18 0.99,-26.35z"/>
   <path class="logo-fil2" d="M4097.18 5041.49c29.84,-2.77 73.22,-5.53 94.17,20.56l-2.18 8.3c-14.72,9.34 -24.31,6.96 -42,6.22 -36.66,0.59 -58.35,3.61 -91.75,-11.91l-1.53 -8.1c13.14,-12.35 25.05,-12.06 43.28,-15.07z"/>
   <path class="logo-fil3" d="M2928.47 5299.31c12.8,0.05 19.27,-1.33 29.7,5.98 14.33,30.83 2.57,70.7 10.27,112.95l1.14 5.98c-14.67,0.89 -16.6,1.09 -30.83,-1.68 -17.93,-19.86 -10.37,-90.22 -10.28,-123.23z"/>
   <path class="logo-fil4" d="M3842.23 5299.55c8.35,1.09 25,1.23 28.31,6.47 13.14,20.75 6.96,91.26 6.72,119.91l-25.94 -1.58c-18.38,-22.04 -9.39,-89.28 -9.09,-124.81z"/>
   <path class="logo-fil5" d="M2483.2 5298.57c19.37,2.47 16.7,-0.94 28.71,9.83 10.92,38.44 7.91,78.16 8.15,118.73 -13.73,-0.29 -15.56,-0.69 -29.1,-3.61 -14.97,-21.24 -6.77,-91.65 -7.76,-124.95z"/>
   <path class="logo-fil6" d="M4039.57 3735.93c31.47,-2.65 116.75,-9.66 140.03,6.97l2.57 15.66c-27.92,9.69 -90.12,14.07 -119.47,4.96 -14.33,-4.46 -16.45,-14.82 -23.12,-27.58z"/>
   <path class="logo-fil3" d="M4102.56 4162.01c34.14,0.19 50.55,-1.03 78.46,19.09l1.33 8.32c-15.86,10.16 -13.39,6.83 -35.08,7.99 -39.13,1.72 -56.03,6.28 -90.12,-11.84l-0.99 -8.5c16.45,-12.36 25.99,-11.94 46.39,-15.05z"/>
   <path class="logo-fil2" d="M3504.42 5339.67c17.89,-0.3 15.17,-2.81 28.81,4.64 10.62,22.73 7.9,56.23 8.65,83.26 -20.95,-1.19 -21.69,1.97 -37.95,-8.75 -11.26,-23.22 -3.26,-51.98 0.49,-79.15z"/>
   <path class="logo-fil6" d="M4096.34 4823.72c27.22,-0.05 58.1,-5 81.67,4.33 13.15,13.01 9.39,6.65 11.32,28.39 -23.96,3.16 -62.4,7.61 -84.24,-0.86 -12.4,-12.6 -8.55,-8.03 -8.75,-31.86z"/>
   <path class="logo-fil2" d="M3160.2 5338.34c49.11,10.03 38.69,44.91 38.44,88.29 -21.3,-1.48 -19.12,1.73 -34.83,-8.35 -10.33,-22.63 -4.74,-52.52 -3.61,-79.94z"/>
   <path class="logo-fil2" d="M4098.91 3948.5c27.18,-1.53 70.7,-9.96 88.84,10.48l-1.83 22.63c-24.4,1.67 -55.29,6.16 -77.42,-1.59 -12.85,-12.93 -8.89,-7.62 -9.59,-31.52z"/>
   <path class="logo-fil4" d="M4112.45 4715.85c22.82,-1.02 63.68,-5.88 80.44,9.35 0.44,15.06 1.38,9.38 -8.25,23.64 -25.64,-0.64 -76.04,4.16 -91.36,-15.61 6.67,-12.73 4.84,-8.88 19.17,-17.38z"/>
   <path class="logo-fil3" d="M2818.73 5339.67c13.49,1.33 14.77,0.49 26.68,7.51 10.52,21.54 11.56,52.03 15.02,77.42 -16.95,0.94 -23.37,3.21 -36.71,-5.39 -10.37,-18.82 -5.29,-54.25 -4.99,-79.55z"/>
   <path class="logo-fil2" d="M4109.53 4931.72c24.61,1.03 78.46,-2.72 84.04,25.19 -4.3,5.14 -6.92,6.08 -12.6,9.98 -25.25,0.4 -73.32,4.94 -87.2,-17.59 6.03,-13.44 2.03,-7.17 15.76,-17.58z"/>
   <path class="logo-fil7" d="M4105.82 5149.64c28.31,-1.73 65.66,-9.73 86.17,10.53l-1.48 21.54c-28.16,2.27 -74.66,9.73 -89.78,-18.38l5.09 -13.69z"/>
   <path class="logo-fil7" d="M3280.51 5333.94c13.34,3.8 15.91,3.7 25.94,13.78 10.18,25.25 9.09,57.07 1.29,82.66 -12.5,-2.96 -12.7,-3.01 -24.01,-8.99 -11.31,-25.74 -5.38,-58.65 -3.21,-87.45z"/>
   <path class="logo-fil7" d="M2706.43 5338.04l17.19 3.55c20.9,18.43 13.54,51.44 16.26,86.86 -22.53,-3.41 -20.7,0.64 -33.2,-12.25 -8.6,-20.31 -2.57,-54.99 -0.25,-78.16z"/>
   <path class="logo-fil2" d="M4106.56 4276.06c24.26,-0.99 57.91,-5.12 77.28,8.49 2.37,16.05 3.41,8.33 -4.69,23.69 -13.24,0.08 -26.44,0.02 -39.63,-0.16 -20.56,-0.39 -31.77,0.58 -44.96,-13.26 3.36,-13.59 0.54,-7.05 12,-18.76z"/>
   <path class="logo-fil8" d="M4107.5 4388.75c23.07,-1.28 64.97,-7.28 82.36,6.01 1.33,14.07 1.14,9.42 -5.53,23.81 -23.77,1.16 -52.52,4.43 -73.52,-4.82 -8.4,-12.93 -6.77,-6.79 -3.31,-25z"/>
   <path class="logo-fil9" d="M4095.3 4061.86c20.4,-2.23 69.91,-8.34 87.16,3.9 6.18,4.35 5.38,13.55 6.92,23.21 -44.51,3.82 -73.87,16.45 -94.07,-27.1z"/>
   <path class="logo-fil2" d="M2372.18 5337.89c9.63,2.77 10.13,3.7 18.68,9.24 11.26,22.83 8.4,56.67 8.65,83.35 -11.76,-2.52 -14.48,-2.12 -24.41,-9.04 -9.78,-23.81 -4.54,-56.87 -2.92,-83.55z"/>
   <path class="logo-fil10" d="M2476.58 5171.39c39.42,11.22 40.56,41.55 27.67,76.98 -16.75,-13.54 -24.26,-54.6 -27.67,-76.98z"/>
   <path class="logo-fil0" d="M1183.66 3875.64c19.47,-0.21 45.56,-6.1 52.13,15.51 17.93,58.66 26.44,118.2 48.87,175.76 26.88,67.99 63.29,131.8 108.15,189.54 105.19,138.21 240.67,235.05 409.89,276.28 37.06,9.04 179.8,17.82 119.67,84.26 -31.57,-1.77 -57.61,-4.52 -88.88,-10.19 -209.64,-38.11 -395.37,-158.29 -515.97,-333.88 -64.28,-92.45 -148.72,-263.68 -144.67,-385 0.25,-7.38 3.46,-7.21 10.82,-12.26z"/>
   <path class="logo-fil0" d="M2092.03 2973.02c202.08,4.09 467.21,161.81 576.5,327.54 73.03,110.72 162.21,270.4 152.77,409.58 -0.64,9.56 -5.63,9.31 -13.64,14.54 -11.81,-1.39 -23.62,-3.09 -35.33,-5.11 -13.93,-15.94 -20.7,-102.3 -33.2,-138.39 -79.1,-236.99 -251.14,-425.01 -490.92,-504.74 -43.77,-14.55 -169.52,-23.85 -177.92,-66.09 5.53,-20.1 7.31,-22.13 21.74,-37.33z"/>
   <path class="logo-fil0" d="M2782.37 3881.06c17.84,-1.12 38.64,-5.67 50,9.24 4.99,78.58 -74.81,277.99 -123.67,348.31 -168.19,241.99 -325.11,318.81 -595.62,382.65 -31.38,-0.93 -46.79,-15.87 -42.4,-48.32 14.48,-18.28 38.84,-20.32 60.62,-23.59 281.53,-42.31 543.99,-273.81 610.25,-552.19 7.85,-33.05 15.81,-78.07 27.57,-111.87l13.24 -4.24z"/>
   <path class="logo-fil0" d="M734.58 1396.49c39.63,-15.72 84.49,3.41 100.59,42.88 16.11,39.47 -2.57,84.55 -41.85,101.04 -39.87,16.72 -85.72,-2.28 -102.07,-42.31 -16.31,-40.02 3.16,-85.68 43.33,-101.61z"/>
   <path class="logo-fil0" d="M1423.24 2185.08c103.61,-8.23 149.26,101.07 49.71,147.41 -108.11,8.24 -148.37,-92.9 -49.71,-147.41z"/>
   <path class="logo-fil0" d="M1079.95 2401.37c26.88,-7.92 55.93,-0.64 75.89,19 19.96,19.64 27.72,48.56 20.26,75.56 -7.46,27 -28.96,47.82 -56.23,54.41 -40.66,9.84 -81.77,-14.57 -92.59,-55.01 -10.87,-40.43 12.55,-82.13 52.67,-93.96z"/>
   <path class="logo-fil0" d="M1360.2 2891.04c116.11,-8.94 130.73,98.71 49.85,141.75 -43.03,3.37 -77.67,-2.08 -98.12,-46.84 -7.86,-16.92 -8.26,-36.38 -1.04,-53.58 10.18,-24.62 26.93,-31.41 49.31,-41.33z"/>
   <path class="logo-fil0" d="M3642.82 0l29.94 0c28.95,228.41 182.81,504.33 355.99,657.03 132.17,-53.72 227.97,22.13 186.22,157.46 -86.17,78.64 -447.39,185.85 -578.08,234.61 -195.21,72.83 -390.97,144.09 -587.32,213.78 -169.27,61.78 -342,127.83 -513.2,183.13 -9.44,15.97 -21.39,34.97 -29.15,51.21 -104.85,219.13 -398.09,272.31 -596.16,149 -87.06,-54.2 -119.82,-108.44 -161.07,-196.59 -52.07,-21.3 -116.6,-40.41 -171.15,-60.04 -128.86,-47.05 -258.01,-93.39 -387.36,-139.02 -51.24,-18.15 -141.61,-46.88 -189.19,-67.92 -2.87,796.71 1035.35,794.1 1595.6,977.84 439.39,144.09 868.55,359.24 1079.67,797.91 65.92,136.87 143.68,346.02 164.14,497.79 -115.17,103.05 -212.61,211.17 -321.25,320.5l-624.18 626.97c-18.58,-34.34 21.54,-34.4 25.84,-70.02 67.74,-112.79 118.73,-225.59 149.07,-354.09 58.55,-245.43 16.21,-504.07 -117.44,-718.06 -202.33,-324.63 -574.08,-434.82 -922.55,-524.1 -143.63,-37.03 -287.66,-72.27 -432.13,-105.7 -8.15,123.41 3.26,289.63 -0.89,417.24 -1.38,41.78 -2.67,273.44 2.32,302.24 -35.23,12.49 -139.44,-6.9 -178.32,-17.33 -410.93,-110.28 -790.73,-346.06 -1050.77,-685.61 -79.95,-104.39 -133.36,-200.27 -200.65,-309.7l333.01 1.39c79.4,87.39 291.41,243.53 345.27,328.26l0.29 198.68c79.06,24.77 153.61,42.27 233.9,60.96 47.18,10.98 121.1,27.09 164.38,45.37 1.83,10.81 3.9,21.58 6.22,32.29 6.18,27.76 34.24,65.76 59.74,77.56 187.06,87.64 299.17,-147.52 127.23,-251.71 -78.61,-47.67 -140.71,3.7 -173.92,73.68 -117.99,-26.35 -237.16,-66.09 -356.34,-94.77 0.94,-30.37 9.59,-161.41 -7.36,-180.74 -113.59,-129.54 -254.1,-239.81 -379.21,-359.19 -55.19,0.12 -346.75,6.2 -380.05,-6.07 -20.49,-22.66 -36.13,-67.59 -48.73,-97.04l608.77 2.65c53.41,57.68 205.69,187.91 271.21,247.22 -7.12,29.37 -12.7,49.36 -7.27,79.96 6.72,38.42 28.66,72.49 60.92,94.41 174.56,120.54 303.61,-162.26 131.43,-245.93 -47.88,-23.29 -101.44,-7.89 -148.72,10.8 -73.57,-51.31 -216.26,-189.67 -284,-256.06 -212.95,3.83 -435.44,1.27 -648.93,0.19 -5.82,-26.55 -16.77,-63.09 -14.74,-88.81 18.96,-12.61 786.02,-5.86 884.58,-4 73.57,70.96 167.64,159.65 251.69,217.83 24.11,16.7 95.16,22.89 103.66,37.1 20.21,33.7 30.09,97.71 71.05,118.61 179.55,91.71 296.6,-154.4 133.06,-251.27 -29,-17.44 -63.99,-21.79 -96.35,-11.98 -41.65,12.54 -71.1,44.7 -91.45,81.68 -29.94,-13.92 -78.56,-21.18 -96.3,-32.73 -81.33,-53 -180.19,-154.91 -250.06,-223.31 -301.93,-9.51 -634.75,-5.54 -938.4,-5.66 -10.04,-58.02 -18,-116.09 -27.89,-174.27 132.51,-6.88 313.5,-2.44 447.69,-0.32 47.73,-47.18 156.77,-143.09 213.89,-177.58 107.61,46.46 172.28,35 233.8,-72 2.28,-60.82 -5.93,-115.47 -57.66,-155.48 -30.83,-23.63 -70.01,-33.44 -108.31,-27.1 -103.16,17.48 -121.54,113.19 -104.25,199.68 -71.44,55.41 -129.55,101.42 -198.33,160.15 -91.7,7.14 -318.27,6.56 -416.46,-2.09 -6.43,-1.19 -12.42,-10.66 -12.99,-16.01 -25.99,-241.63 57.15,-585.08 152.57,-794.56 -51.93,-21.98 -67.55,-29.26 -96.71,-77.92 -16.8,-167.61 68.35,-183.69 206.99,-144.02 94.81,-91.41 177.62,-177.7 235.08,-297.5 39.77,-82.86 82.96,-181.25 91.51,-273.04 114.82,24 255.59,79 371.4,112.87 347.19,101.49 741.13,192.53 1020.97,434.4 56.67,48.99 110.53,99.93 153.17,162.32 189.03,-352.33 732.73,-563.51 1092.22,-676.74 133.4,-42.03 275.75,-76.73 410.78,-118.68zm-1493.22 1260.08c-16.8,-32.41 -27.02,-73.97 -33.4,-109.84 -64.58,-363.2 -417.11,-558.05 -738.51,-666.02 -209.94,-70.53 -448.18,-144.35 -669.93,-195.12 -8.69,23.65 -17.64,47.22 -26.83,70.7 105.93,27.94 239.88,62.01 341.27,96.45 158.3,53.79 526.74,213.17 627.63,342.6l-6.52 -2.35c-86.12,-31.66 -181.63,-92.52 -272.14,-127.3 -199.01,-76.48 -529.26,-163.06 -743.4,-186.59 -17.69,20.14 -25.49,29.91 -40.17,52.24 60.67,22.55 137.6,34.11 201.43,54.42 274.86,87.45 552.04,183.72 790.73,349.91 33.89,23.55 84.34,59.53 112.85,88.27l-7.01 -2.49c-96.99,-34.99 -207.22,-100.71 -309.05,-140.15 -263.69,-102.13 -600.91,-193.7 -880.41,-224.81 -18.28,18.02 -39.63,38.13 -55.93,57.48 38.69,14.45 83.6,32.48 122.59,44.5l903.48 326.44c96.4,34.64 410.78,135.49 479.21,184.18 24.26,76.4 32.96,137.19 108.6,177.09 45.6,24.26 99.11,28.86 148.23,12.72 112.85,-37.49 97.88,-115.52 147.33,-196.47 91.26,-52.14 302.93,-115.61 410.49,-154.56 223.87,-83.04 448.24,-164.84 673.05,-245.4 130.19,-46.61 294.08,-99.63 420.27,-149.88 -29.5,-43.98 -60.23,-80.44 -93.77,-121.33 -311.08,55.64 -595.97,130.78 -888.27,253.74 -55.88,23.21 -110.63,48.87 -164.19,76.92 -34.19,17.85 -86.86,48.18 -119.86,61.11 76.93,-77.7 175.45,-136.69 270.71,-189.1 190.18,-105.3 390.67,-190.77 598.34,-255.07 74.36,-23.6 149.17,-41.8 223.62,-64.1l-29.99 -63.39c-327.04,29.53 -740.93,166.79 -1022.86,336.62 26.53,-43.47 77.03,-77.23 116.75,-105.38 251.24,-177.99 548.38,-271.7 839.99,-357.59 0.84,-0.26 0.64,-12.7 -0.05,-13.58 -5.14,-21.14 -22.68,-68.05 -38.39,-80.98l-12.01 0.11c-359.15,84.49 -813.96,244.15 -1095.78,486.38 -170.56,146.63 -262.11,358.97 -288.1,579.63z"/>
   <path class="logo-fil0" d="M1973.6 3767.84c-2.12,-44.53 7.21,-203.94 -13.49,-228.18 -16.65,-1.07 -21.49,-0.45 -36.61,-6.6 -8,-12.59 -7.26,-12.15 -6.27,-27.47 14.67,-12.87 21.89,-5.61 47.29,-13.61 15.26,-27.7 -2.13,-548.01 3.66,-616.26 1.23,-14.25 -8.1,-30.26 -0.94,-54.1 21.1,-15.44 42.84,-12.29 61.32,5.43 8.45,23.32 3.11,608.18 3.06,666.31 27.67,0.63 44.27,-4.13 58.95,21.89l-4.2 11.16c-15.71,14.62 -32.41,13.58 -54.64,16.12l0.25 227.29 225.9 -0.57c-0.44,-30.53 -5.48,-38.26 18.78,-58.47 37.25,-2.96 32.22,32.09 31.82,58.08 150.55,-0.67 301.1,-0.58 451.69,0.27 53.9,0.01 202.62,-13.71 239.19,18.08 5.88,17.85 5.38,10.26 0.39,28.72 -24.11,18.25 -171.25,11.14 -207.42,11.06l-355.25 -0.66c-22.29,-0 -124.71,-5.04 -135.13,10.46 -2.86,4.27 -0.1,32.24 -15.37,47.49 -13.44,5.35 -12.65,5.22 -26.73,1.8 -12.4,-21.45 -0.69,-22.3 -9.83,-51.67 -23.42,-14.32 -159.24,-4.95 -203.91,-7.46l-11.07 5.83c-3.95,26.28 -6.72,200.84 1.78,219.2l8.1 4.5c19.57,-2.9 24.36,-5.37 41.45,2.36l6.82 9.2c-3.51,16.54 -1.98,11.1 -15.17,25.05 -18.23,6.76 -26.33,6.3 -45.31,7.51l-2.28 456.59c-0.44,69 1.48,159.51 -1.93,226.98 285.48,-28.8 507.23,-75.12 729.71,-270.98 8.6,11.26 6.52,5.14 7.21,18.75 -131.62,123.95 -267.4,269.73 -396.55,397.48 -175.4,173.48 -358.36,345.67 -523.73,528.38 -49.95,-1.88 -130.78,-17.64 -182.66,-27.07 -371.11,-65.71 -712.96,-244.28 -978.83,-511.4 -298.58,-303.04 -504.96,-726.53 -501,-1157.17l788.85 3.34c-0.49,64.14 6.33,110.74 18.73,172.92 97.63,490.52 492.5,800.54 979.82,837.03 1.68,-68.44 -1.58,-144.93 -1.19,-214.87 2.03,-152.71 3.01,-305.42 2.86,-458.14 -27.22,-4.59 -40.41,-1.42 -51.63,-28.46l4.89 -10.28c15.42,-12.13 29,-9.71 49.41,-10.14 -1.09,-74.98 -1.19,-149.99 -0.25,-224.97 -75.7,-1.04 -151.39,-1.14 -227.03,-0.29 0.3,18.8 0.74,24.85 -2.67,43.06 -11.61,13.57 -6.17,11.09 -21.39,14.93l-11.96 -7.68c-10.62,-15.73 -7.81,-30.53 -7.66,-50.33l-476.3 0.04c-37.6,0 -199.46,6.33 -219.87,-8.28 -8.4,-14.79 -8.84,-15.25 -8,-32.47 28.61,-34.91 156.82,-21.62 206.67,-21.29l350.4 0.72c40.32,0 89.68,1.25 129.84,-2.58 21.89,-2.09 5.39,-28.06 22.38,-53.59 17.09,-4.24 18.97,-2.59 36.56,2.74 7.56,14.68 5.09,37.79 4.89,55.46 74.56,0.17 149.07,-0.22 223.57,-1.19z"/>
   <path class="logo-fil1" d="M1600.47 3351.18c-4.99,-28.8 -3.71,-260.46 -2.32,-302.24 4.15,-127.61 -7.26,-293.83 0.89,-417.24 23.87,93.09 22.08,608.83 1.44,719.48z"/>
   <path class="logo-fil1" d="M2044.9 4056.49l-8.1 -4.5c-8.5,-18.36 -5.73,-192.93 -1.78,-219.2l11.07 -5.83c1.38,28.16 4.5,209.02 -1.19,229.54z"/>
   <path class="logo-fil11" d="M2840.77 4429.38c5.93,4.41 12.6,10.5 19.12,12.44 -16.6,16.99 -78.81,83.38 -94.47,90.13 -0.69,-13.61 1.38,-7.49 -7.21,-18.75 9.04,-13.81 65.32,-63.58 82.56,-83.82z"/>
   <path class="logo-fil12" d="M2922.1 4333.65c-4.3,35.62 -44.42,35.68 -25.84,70.02 -12.7,14.35 -22.08,24.96 -36.36,38.16 -6.52,-1.93 -13.19,-8.03 -19.12,-12.44 20.8,-19.92 70.16,-92.22 81.33,-95.74z"/>
  </g>